url_path,views_total,views_unique
/Infinity-Vault/Strukture-podataka-i-algoritmi,12,8
/Infinity-Vault/Strukture-podataka-i-algoritmi/tree/main/Ispitni%20zadaci,9,4
/Infinity-Vault/Strukture-podataka-i-algoritmi/blob/main/Ispitni%20zadaci/ASP-2021_12_02_zadaci_prvi_parcijalni.xlsx,6,1
/Infinity-Vault/Strukture-podataka-i-algoritmi/tree/main/Algorithms,2,2
/Infinity-Vault/Strukture-podataka-i-algoritmi/tree/main/Algorithms/Insertion%20i%20Bubble%20sort,2,2
/Infinity-Vault/Strukture-podataka-i-algoritmi/tree/main/Algorithms/Insertion%20i%20Bubble%20sort/BubbleSort,2,2
/Infinity-Vault/Strukture-podataka-i-algoritmi/tree/main/Ispitni%20zadaci/Hesiranje%20chaining%20ispitni,2,2
/Infinity-Vault/Strukture-podataka-i-algoritmi/tree/main/Ispitni%20zadaci/Hesiranje%20chaining%20ispitni/HesiranjeIspitni,2,2
/Infinity-Vault/Strukture-podataka-i-algoritmi/tree/main/Ispitni%20zadaci/Hesiranje%20double-hashing%20ispitni,2,2
/Infinity-Vault/Strukture-podataka-i-algoritmi/blob/main/Ispitni%20zadaci/ASP-2021_10_01_zadaci_.xlsx,2,1
